1 0.693748 2.10e-15 195.000 0.20
2 1.240699 5.64e-16 142.500 14.00
3 0.318358 1.50e-16 NAN NAN
4 0.942951 4.08e-16 104.500 52.00
5 1.118225 2.88e-15 24.400 7.50
6 0.632336 2.49e-15 NAN NAN
7 1.217094 2.35e-15 31.500 2.30
8 0.354732 7.00e-18 NAN 3.00
9 2.115171 9.54e-15 92.100 3.40
10 0.472037 3.33e-15 31.300 3.00
11 0.738062 1.00e-16 NAN NAN
12 1.679164 5.95e-15 110.400 8.50
13 0.807565 7.70e-17 75.000 9.00
14 1.283660 1.31e-14 54.900 10.00
15 1.071118 4.81e-17 NAN 3.70
16 0.688542 7.09e-15 NAN NAN
17 0.325883 4.86e-15 NAN NAN
18 0.101439 5.85e-15 8.300 7.60
19 0.348124 1.76e-15 NAN NAN
20 0.463474 1.20e-16 18.000 5.00
21 0.136962 7.84e-17 12.000 9.00
22 0.414763 1.22e-17 62.000 1.40
23 0.272451 1.07e-14 9.600 28.00
24 1.222949 3.91e-16 104.200 49.00
25 0.196321 2.57e-16 10.100 6.60
26 1.464665 4.43e-16 112.100 38.00
27 2.746647 1.70e-15 103.000 0.91
28 0.832742 1.30e-15 26.100 20.00
29 1.811561 1.52e-16 NAN 4.00
30 2.351745 1.89e-13 118.900 6.50
31 0.630550 1.20e-15 20.000 11.00
32 1.077333 2.90e-16 72.000 6.00
33 0.548880 6.62e-16 NAN NAN
34 1.466820 3.11e-15 45.900 2.40
35 0.447708 3.06e-17 12.000 17.00
36 1.387584 1.30e-15 73.400 27.00
37 3.032072 6.36e-16 74.700 34.00
38 0.893320 2.15e-16 37.000 0.60
39 0.714520 2.05e-15 31.400 1500.00
40 0.269201 7.35e-18 10.200 6.00
41 2.597027 5.70e-17 273.000 NAN
42 1.934478 1.34e-14 77.100 3.70
43 0.197030 4.77e-16 26.000 12.00
44 0.545253 1.54e-15 27.000 19.00
45 0.594576 5.57e-15 32.400 15.00
46 0.390715 7.66e-17 12.100 6.40
47 2.161308 1.16e-15 36.000 6.00
48 0.450448 1.48e-16 22.000 2.00
49 0.479164 3.37e-15 NAN NAN
50 0.438014 1.03e-16 31.900 11.00
51 0.548939 5.75e-15 36.800 82.00
52 0.340729 2.37e-15 29.100 59.00
53 0.320423 1.02e-14 NAN 0.60
54 0.800132 3.67e-14 NAN NAN
55 2.497012 2.10e-16 NAN NAN
56 1.883480 5.30e-16 NAN NAN
57 1.133076 1.40e-15 50.000 11.00
58 0.638565 5.58e-15 36.600 10.80
59 0.691251 2.31e-14 NAN 1.00
60 0.322062 2.06e-16 NAN NAN
61 0.263212 6.97e-16 NAN NAN
62 0.241642 3.01e-17 16.000 8.00
63 0.674532 1.77e-14 NAN NAN
64 0.354438 7.36e-17 20.800 19.50
65 3.745539 4.01e-14 214.200 57.00
66 0.975725 1.55e-14 50.000 NAN
67 0.642743 5.35e-15 NAN NAN
68 0.963018 1.60e-16 NAN NAN
69 1.817565 4.25e-13 NAN NAN
70 0.200511 1.15e-14 NAN NAN
71 1.245856 5.65e-16 105.000 75.00
72 0.524271 4.48e-16 NAN NAN
73 1.286015 8.20e-16 70.000 5.00
74 0.245975 1.54e-14 18.900 29.00
75 0.708954 3.94e-15 NAN NAN
76 2.843850 7.65e-15 51.000 2.65
77 0.827838 5.96e-15 NAN NAN
78 2.261365 2.78e-15 95.000 2.10
79 0.395969 1.30e-15 24.100 22.70
80 0.055698 2.35e-19 7.400 0.80
81 0.297982 5.95e-17 17.700 16.00
82 0.334960 5.94e-14 13.800 29.00
83 0.269954 7.24e-18 NAN NAN
84 0.613760 8.84e-17 NAN NAN
85 1.039076 8.30e-16 71.200 4.90
86 0.346523 1.70e-15 NAN NAN
87 0.475877 2.98e-14 NAN 6.00
88 0.476623 2.00e-15 21.800 31.00
89 0.680575 3.75e-15 NAN NAN
90 3.253211 3.82e-15 80.000 NAN
91 1.984597 3.17e-15 39.000 NAN
92 0.903913 7.36e-16 NAN NAN
93 1.234854 6.42e-15 NAN NAN
94 0.924054 1.52e-16 NAN NAN
95 1.214441 3.80e-15 41.900 6.50
96 1.224754 2.67e-17 31.000 NAN
97 0.183157 3.19e-17 10.200 NAN
98 0.563295 9.15e-15 NAN NAN
99 0.485268 1.26e-16 11.500 NAN
100 1.214090 4.00e-16 NAN 2.40
101 0.974725 7.28e-15 30.000 NAN
102 0.424311 9.26e-17 14.000 4.00
103 3.442308 2.93e-13 104.000 NAN
104 0.251659 1.13e-13 22.000 NAN
105 0.510160 1.90e-14 25.000 11.20
106 1.796250 5.70e-15 NAN NAN
107 0.156250 1.22e-14 NAN NAN
108 0.320366 5.47e-15 20.000 NAN
109 0.374920 1.62e-15 52.000 190.00
110 0.214836 2.73e-15 30.000 23.00
111 2.791025 1.67e-14 70.000 NAN
112 1.095452 9.77e-16 46.000 8.00
113 1.442349 1.08e-15 99.700 8.00
114 0.682265 1.62e-15 14.100 8.20
115 2.191987 4.21e-15 NAN NAN
116 0.526644 3.78e-16 NAN NAN
117 0.866349 4.01e-16 NAN NAN
118 0.547199 3.08e-15 35.000 46.00
119 0.482596 4.49e-17 NAN NAN
120 1.292241 1.68e-16 89.500 79.00
121 0.645161 1.39e-16 183.000 3.70
122 0.763742 5.80e-16 NAN NAN
123 2.161259 7.53e-16 47.000 NAN
124 1.238130 2.11e-15 35.600 102.00
125 0.124836 2.44e-15 NAN NAN
126 1.073567 1.22e-14 109.000 NAN
127 0.545446 1.89e-17 190.000 65.00
128 0.396728 3.48e-15 25.000 NAN
129 1.848919 9.96e-16 1000.000 16.00
130 0.311674 1.28e-15 17.000 NAN
131 0.121116 4.44e-15 NAN NAN
132 0.541404 9.78e-15 12.000 NAN
133 1.273768 6.80e-15 33.900 89.00
134 0.751624 3.54e-15 18.000 197.00
135 0.308581 3.90e-17 34.000 NAN
136 1.703946 8.13e-16 NAN NAN
137 0.720612 1.64e-15 40.000 19.00
138 0.644354 9.50e-15 75.000 6.20
139 0.208956 1.72e-16 29.000 NAN
140 1.116097 1.60e-15 76.000 16.00
141 0.367953 7.91e-16 170.000 NAN
142 1.602228 4.46e-16 NAN 1.50
143 1.267536 6.32e-15 37.400 7.70
144 0.064686 7.26e-15 NAN NAN
145 0.575072 1.36e-14 22.000 NAN
146 0.962509 1.68e-15 48.000 11.00
147 0.326774 2.33e-14 17.000 12.00
148 0.441995 8.75e-14 36.000 NAN
149 0.660313 1.07e-16 38.000 4.50
150 0.965171 1.89e-15 32.000 8.00
151 0.549553 4.63e-16 32.000 11.00
152 0.988281 1.49e-16 228.000 13.00
153 0.346287 2.49e-14 175.000 12.00
154 0.340854 5.22e-16 NAN NAN
155 0.253556 1.83e-15 24.000 35.00
156 0.401626 6.69e-16 23.700 16.00
157 0.106755 1.52e-14 56.000 28.00
158 1.362890 3.33e-16 77.000 6.50
159 1.526085 3.59e-15 NAN NAN
160 1.216976 1.00e-17 NAN NAN
161 1.567994 3.61e-15 49.400 5.00
162 0.430627 1.36e-14 24.400 52.00
163 0.950289 9.76e-14 31.000 NAN
164 0.746295 3.55e-14 25.000 12.00
165 0.739501 4.88e-15 80.000 22.00
166 1.931627 2.50e-16 41.000 NAN
167 4.392159 8.37e-15 94.000 NAN
168 0.570409 2.69e-16 NAN NAN
169 1.444773 4.65e-15 42.000 18.00
170 0.087545 3.29e-14 12.000 NAN
171 0.658558 1.14e-15 33.000 11.00
172 0.664367 2.29e-14 49.000 55.00
173 0.808127 3.96e-14 16.000 13.00
174 1.087418 9.11e-17 103.000 7.00
175 0.570264 4.53e-17 11.000 26.00
176 0.331586 4.83e-15 11.000 NAN
177 1.097706 3.49e-15 70.900 4.00
178 0.640016 6.37e-16 NAN NAN
179 1.373815 5.80e-16 75.000 8.50
180 0.472834 4.39e-14 20.000 NAN
181 0.862118 3.52e-15 33.000 29.00
182 0.203557 1.95e-15 7.800 NAN
183 0.670086 8.20e-17 130.000 16.00
184 0.255677 9.59e-16 8.800 NAN
185 1.436583 5.14e-14 31.000 80.00
186 1.661177 8.60e-16 59.000 NAN
187 7.733640 5.99e-14 160.000 NAN
188 0.777501 1.57e-15 NAN NAN
189 0.307072 2.21e-14 21.000 6.00
190 0.835797 5.73e-16 26.000 4.00
191 2.517945 8.81e-16 77.700 4.10
192 2.133591 3.77e-14 NAN NAN
193 0.819911 1.77e-14 23.000 15.00
194 0.442901 5.58e-16 39.000 NAN
195 0.139882 5.74e-14 57.000 NAN
196 0.769584 1.93e-15 17.000 3.50
197 0.087834 6.98e-16 NAN NAN
198 0.107386 8.08e-14 NAN NAN
199 0.503459 3.13e-15 48.000 15.00
200 1.804695 1.74e-15 52.500 5.10
201 0.162499 2.01e-14 NAN NAN
202 1.238305 4.05e-14 36.000 NAN
203 0.140480 6.74e-15 NAN NAN
204 0.670026 5.34e-17 NAN NAN
205 1.643726 1.45e-13 NAN NAN
206 0.306411 1.78e-15 NAN NAN
207 2.407622 1.79e-14 71.000 NAN
208 0.464208 3.00e-15 17.000 14.00
209 1.150590 2.30e-16 194.000 41.00
210 0.579577 3.50e-16 14.000 NAN
211 0.510368 1.65e-15 22.000 9.00
212 0.533502 1.36e-15 NAN NAN
213 0.661992 1.25e-15 22.000 NAN
214 1.386368 9.45e-16 72.900 28.00
215 1.170859 6.73e-15 39.000 14.00
216 0.288602 1.04e-14 14.000 NAN
217 0.326271 1.24e-16 58.000 NAN
218 0.369427 1.14e-15 16.000 18.00
219 0.330328 6.10e-17 28.000 8.00
220 0.198451 1.69e-15 21.000 4.00
221 2.202325 4.41e-15 59.000 NAN
222 0.180592 2.00e-14 NAN NAN
223 0.383830 3.87e-16 NAN NAN
224 0.346909 4.07e-15 9.400 NAN
225 0.228324 2.09e-16 NAN NAN
226 1.840004 3.14e-15 42.000 NAN
227 0.947558 9.24e-14 NAN NAN
228 0.099661 2.95e-14 NAN NAN
229 0.448635 7.08e-16 14.000 NAN
230 2.919397 2.03e-14 87.000 NAN
231 0.676082 5.76e-16 NAN NAN
232 0.422447 3.58e-15 39.000 45.00
233 0.628306 2.25e-16 NAN NAN
234 1.347402 1.33e-15 40.000 6.50
235 0.616270 6.57e-16 23.000 NAN
236 1.184999 4.30e-15 34.000 19.00
237 0.396587 9.90e-16 10.000 NAN
238 0.280905 1.97e-15 NAN 5.00
239 0.063193 1.58e-14 10.000 NAN
240 2.717934 2.33e-15 46.000 NAN
241 0.252773 9.01e-18 170.000 NAN
242 1.516531 3.40e-16 80.000 7.00
243 1.799396 1.56e-13 50.000 NAN
244 0.558253 2.06e-15 28.000 NAN
245 0.064962 3.15e-14 NAN NAN
246 0.334213 8.24e-16 30.000 19.00
247 0.820484 2.84e-15 40.000 13.00
248 0.880820 4.61e-14 60.000 NAN
249 1.656440 2.49e-15 35.000 12.00
250 0.259777 7.23e-15 10.000 NAN
251 0.943158 7.95e-15 24.000 26.00
252 0.505097 1.25e-14 30.000 NAN
253 1.155272 2.40e-16 NAN NAN
254 2.280597 3.67e-15 70.000 7.00
255 0.535783 2.77e-15 27.000 24.00
256 0.244838 6.54e-17 17.000 8.00
257 0.640234 6.46e-15 25.000 NAN
258 0.271434 5.25e-15 15.000 11.00
259 0.232976 2.75e-15 23.000 8.00
260 0.185560 9.00e-18 NAN NAN
261 0.479099 6.20e-16 NAN NAN
262 0.202737 2.81e-16 105.000 NAN
263 0.579416 3.30e-15 25.000 9.00
264 0.515984 1.10e-17 NAN NAN
265 0.162323 1.59e-17 7.200 NAN
266 0.680984 9.52e-16 NAN NAN
267 0.256353 4.60e-16 60.000 8.00
268 0.175166 6.80e-17 NAN NAN
269 1.022875 4.52e-16 305.000 NAN
270 0.114943 7.93e-14 NAN NAN
271 1.187913 3.73e-15 41.800 257.00
272 0.364706 8.22e-15 27.000 23.00
273 0.556216 7.17e-17 136.000 14.00
274 0.117564 1.25e-14 NAN NAN
275 0.538432 1.96e-15 32.000 10.00
276 0.291468 4.63e-16 7.000 8.00
277 0.558383 7.79e-17 NAN NAN
278 0.675646 6.95e-16 24.000 7.00
279 0.685358 4.85e-16 NAN NAN
280 0.850665 3.08e-14 27.000 NAN
281 0.273372 1.79e-15 15.000 17.00
282 3.559937 1.11e-14 NAN NAN
283 3.241029 2.70e-15 NAN NAN
284 1.789829 1.28e-15 NAN NAN
285 0.376570 6.69e-15 NAN NAN
286 0.282012 5.59e-16 NAN NAN
287 0.288409 2.65e-14 17.000 NAN
288 1.037931 1.02e-15 20.000 7.00
289 0.400522 3.93e-15 47.000 145.00
290 0.667486 2.40e-17 NAN NAN
291 0.525074 2.82e-15 25.000 6.00
292 0.592136 3.56e-15 NAN NAN
293 0.452801 2.13e-15 16.000 23.00
294 0.308861 2.17e-16 13.000 NAN
295 0.279767 7.26e-16 12.000 23.00
296 4.237010 4.31e-16 NAN NAN
297 0.433084 2.57e-16 24.000 NAN
298 0.909823 5.34e-17 18.000 NAN
299 0.636414 1.15e-16 NAN NAN
300 0.374047 1.68e-14 NAN NAN
301 0.789212 8.03e-17 NAN NAN
302 1.081164 1.50e-16 NAN NAN
303 0.585761 2.02e-14 21.000 NAN
304 0.216476 4.95e-15 9.100 48.00
305 1.018453 2.06e-15 32.000 5.00
306 0.626324 2.88e-16 19.000 NAN
307 0.419618 9.46e-16 22.000 11.00
308 0.877239 3.80e-17 55.500 NAN
309 1.351236 1.40e-15 NAN NAN
310 1.872994 1.40e-17 NAN NAN
311 0.564759 6.92e-15 NAN NAN
312 0.756892 3.88e-15 NAN NAN
313 0.256778 1.97e-16 NAN NAN
314 0.294760 1.56e-16 17.000 NAN
315 2.110974 2.19e-15 47.000 NAN
316 1.118591 1.45e-15 NAN 2.00
317 1.382449 9.60e-16 60.600 110.00
318 1.301908 1.19e-14 40.000 6.50
319 0.512242 1.74e-15 20.000 3.50
320 0.471225 8.00e-17 74.000 NAN
321 0.388481 4.50e-15 11.000 110.00
322 0.275207 1.00e-15 NAN NAN
323 1.546819 7.18e-15 NAN NAN
324 2.283093 1.09e-14 NAN NAN
325 0.198335 1.69e-14 NAN NAN
326 0.434445 1.21e-17 NAN NAN
327 0.327058 3.65e-16 NAN NAN
328 0.823339 1.08e-16 41.000 NAN
329 0.255496 2.10e-15 13.000 20.00
330 0.184502 6.24e-16 NAN NAN
331 0.657974 4.00e-15 21.000 NAN
332 0.617308 3.63e-16 27.100 12.00
333 0.663329 1.21e-15 35.000 4.50
334 0.184528 2.67e-13 NAN NAN
335 0.663830 5.64e-14 NAN NAN
336 0.967846 6.33e-15 NAN NAN
337 2.306642 2.18e-15 78.000 NAN
338 0.427762 3.21e-14 NAN NAN
339 0.478231 2.11e-15 NAN NAN
340 0.571647 4.03e-15 50.000 29.00
341 0.981902 5.86e-15 NAN NAN
342 0.473026 5.97e-15 59.000 NAN
343 4.962427 2.11e-14 NAN NAN
344 1.058833 5.26e-16 69.900 NAN
345 0.464700 8.64e-15 15.000 NAN
346 0.619454 8.79e-15 NAN NAN
347 0.398292 1.84e-17 NAN NAN
348 0.447518 1.51e-16 16.200 4.00
349 0.728154 1.48e-16 52.000 15.00
350 0.849236 5.71e-15 41.000 16.00
351 2.437432 6.83e-16 61.000 NAN
352 0.848933 8.00e-16 NAN 3.50
353 2.948390 1.17e-14 86.000 NAN
354 0.342825 5.30e-15 180.000 NAN
355 0.261271 1.02e-16 NAN NAN
356 0.284351 1.53e-15 15.000 NAN
357 0.421118 1.50e-15 26.000 NAN
358 0.458488 1.90e-18 90.000 7.00
359 0.279729 9.25e-15 17.000 18.00
360 1.279058 2.37e-15 NAN NAN
361 0.670037 5.66e-16 38.100 11.00
362 0.506058 2.59e-15 19.000 NAN
363 2.764209 1.11e-14 NAN NAN
364 0.844109 5.58e-15 NAN NAN
365 2.483804 9.79e-16 NAN NAN
366 0.477991 3.24e-15 23.000 120.00
367 0.792670 3.10e-15 46.000 18.00
368 0.543009 5.31e-15 56.000 28.00
369 0.529913 1.89e-14 19.000 135.00
370 0.196479 1.53e-15 30.000 NAN
371 0.280678 3.12e-14 120.000 NAN
372 0.532699 3.01e-15 19.000 18.00
373 1.478721 6.10e-16 80.000 11.00
374 1.565218 3.39e-14 NAN NAN
375 0.648117 5.10e-16 NAN NAN
376 0.650434 5.60e-16 266.000 9.00
377 0.345603 5.40e-19 9.700 NAN
378 0.107718 2.16e-17 10.000 18.00
379 0.207953 3.56e-16 NAN NAN
380 1.238990 1.39e-14 145.000 NAN
381 0.137055 5.30e-19 4.900 NAN
382 0.558179 3.50e-16 NAN NAN
383 0.378622 5.05e-15 26.000 9.00
384 0.627285 1.95e-14 19.000 NAN
385 0.193340 2.53e-13 41.000 NAN
386 0.540102 4.30e-17 NAN NAN
387 1.253085 3.25e-15 40.000 NAN
388 0.299625 3.50e-17 NAN NAN
389 0.609962 1.42e-14 19.000 NAN
390 0.927772 3.79e-15 NAN NAN
391 0.259363 5.13e-15 14.000 NAN
392 0.295699 7.53e-16 11.000 9.00
393 0.628903 1.23e-15 330.000 NAN
394 2.951938 1.48e-14 NAN NAN
395 0.644301 2.81e-15 22.000 12.00
396 2.038674 7.15e-16 57.000 NAN
397 1.213381 5.99e-15 43.000 NAN
398 0.276603 3.10e-18 NAN NAN
399 0.507380 7.24e-16 32.000 12.00
400 0.127501 6.34e-15 7.400 105.00
401 0.842790 1.67e-14 19.000 34.00
402 0.399170 9.00e-17 33.000 NAN
403 1.306198 1.20e-15 78.000 4.00
404 0.617575 1.20e-15 NAN NAN
405 0.288349 6.11e-16 NAN NAN
406 0.213075 5.47e-14 NAN NAN
407 0.492344 3.16e-15 NAN NAN
408 0.701615 8.85e-15 NAN NAN
409 0.528591 8.40e-16 NAN NAN
410 0.050052 3.20e-14 NAN NAN
411 0.278729 6.74e-18 3.500 NAN
412 0.529156 1.91e-15 22.000 NAN
413 0.315225 9.87e-14 18.000 NAN
414 0.285625 3.33e-13 57.000 NAN
415 0.292408 2.23e-15 NAN NAN
416 0.394946 7.43e-15 9.200 NAN
417 4.630188 6.39e-15 180.000 NAN
418 0.392479 5.80e-16 17.000 NAN
419 0.794883 1.20e-16 NAN NAN
420 0.295580 4.28e-15 20.000 NAN
421 1.096806 8.89e-16 53.000 24.00
422 1.672596 2.71e-16 NAN NAN
423 0.935772 2.37e-16 42.000 9.00
424 0.333411 1.45e-15 NAN NAN
425 0.770375 7.80e-16 36.000 NAN
426 0.366734 3.94e-15 22.000 NAN
427 1.023504 2.40e-16 NAN NAN
428 0.353263 2.20e-17 135.000 NAN
429 0.707868 7.42e-16 NAN NAN
430 0.501730 4.78e-16 NAN NAN
431 0.586486 6.21e-16 23.900 NAN
432 0.570290 2.08e-15 25.000 35.00
433 0.763915 4.28e-14 NAN NAN
434 0.785441 2.77e-15 28.000 130.00
435 2.034989 5.92e-15 NAN NAN
436 1.954430 5.63e-15 NAN NAN
437 0.306368 3.02e-15 NAN NAN
438 0.963348 1.03e-15 NAN NAN
439 0.472995 1.54e-15 33.000 NAN
440 0.061696 8.59e-15 NAN NAN
441 0.467616 6.33e-15 NAN NAN
442 0.459605 1.12e-15 23.000 21.00
443 1.175840 3.60e-16 NAN NAN
444 0.732061 3.38e-16 NAN NAN
445 2.760228 8.23e-15 79.000 NAN
446 0.463330 8.60e-17 27.000 NAN
447 0.386625 5.07e-14 NAN NAN
448 0.154991 1.45e-15 18.000 NAN
449 0.179485 2.75e-15 9.700 230.00
450 0.263377 9.83e-17 29.000 350.00
451 1.748301 5.29e-15 85.000 4.00
452 1.498637 3.66e-15 NAN NAN
453 0.390739 1.23e-14 NAN NAN
454 0.464037 2.39e-16 NAN NAN
455 0.782949 1.70e-16 NAN NAN
456 0.535504 1.83e-15 14.000 NAN
457 0.668105 3.64e-14 NAN NAN
458 0.842104 1.35e-15 53.000 NAN
459 3.314002 1.40e-16 80.000 1.30
460 0.412985 5.53e-15 NAN NAN
461 0.840739 6.37e-15 35.000 5.00
462 0.286757 1.60e-15 19.000 16.00
463 0.355655 1.16e-15 21.000 13.00
464 0.739682 5.00e-15 26.300 114.00
465 0.339038 2.12e-15 NAN NAN
466 0.943871 6.10e-16 100.000 14.00
467 0.200384 4.85e-16 11.000 NAN
468 0.301511 3.44e-16 NAN NAN
469 2.040532 1.92e-15 NAN NAN
470 0.128694 6.85e-15 16.000 NAN
471 0.973458 2.75e-14 33.000 NAN
472 0.454839 9.25e-16 23.000 8.50
473 0.148796 2.88e-15 NAN NAN
474 0.286646 6.10e-15 NAN NAN
475 0.650837 2.16e-16 26.000 NAN
476 0.886612 2.10e-15 NAN NAN
477 0.794997 4.18e-16 NAN NAN
478 0.214925 4.06e-17 NAN NAN
479 0.518758 4.27e-15 NAN NAN
480 2.154307 8.37e-15 47.000 NAN
481 1.254052 5.96e-15 NAN NAN
482 1.389605 3.30e-15 NAN NAN
483 0.395353 2.00e-15 25.000 NAN
484 0.078219 3.90e-14 NAN NAN
485 1.116049 3.56e-13 43.000 NAN
486 0.961043 1.26e-13 NAN NAN
487 1.011694 1.62e-14 NAN NAN
488 0.280349 1.16e-16 NAN NAN
489 0.301888 1.23e-16 NAN NAN
490 2.417582 1.91e-14 65.000 11.00
491 1.048705 1.13e-14 NAN 17.00
492 0.526556 3.96e-16 18.000 NAN
493 0.891265 8.10e-16 NAN NAN
494 0.822249 4.10e-15 NAN NAN
495 0.278957 4.68e-15 NAN NAN
496 0.356849 9.63e-17 NAN NAN
497 0.084202 1.37e-14 11.000 NAN
498 1.124836 7.80e-16 35.700 13.00
499 0.443825 6.50e-17 NAN NAN
500 1.221426 1.80e-16 NAN NAN
501 1.368881 1.43e-15 66.000 70.00
502 0.289689 1.54e-15 21.000 NAN
503 0.432866 4.07e-15 22.000 NAN
504 0.468402 4.05e-17 NAN NAN
505 0.566734 1.43e-14 NAN NAN
506 0.307178 2.72e-15 12.000 NAN
507 1.319759 7.90e-16 98.000 NAN
508 0.881438 1.91e-15 66.000 NAN
509 0.557841 1.37e-15 NAN NAN
510 0.301311 1.93e-15 NAN NAN
511 1.528124 4.17e-15 NAN NAN
512 0.430464 2.78e-15 NAN NAN
513 0.276726 1.42e-15 NAN NAN
514 0.395731 4.10e-17 NAN NAN
515 0.104675 3.21e-15 NAN NAN
516 0.843980 7.12e-15 NAN NAN
517 0.341213 4.55e-15 NAN NAN
518 0.506568 4.20e-17 145.000 NAN
519 1.272842 1.27e-15 NAN NAN
520 1.004958 7.28e-16 NAN NAN
521 0.243392 4.85e-15 17.000 NAN
522 1.630846 2.02e-16 NAN NAN
523 0.612916 4.21e-16 27.000 NAN
524 0.295838 7.50e-14 NAN NAN
525 0.599245 3.97e-15 15.000 21.00
526 1.783865 5.89e-16 59.000 NAN
527 1.207568 7.78e-14 72.000 NAN
528 0.709064 8.80e-16 16.600 40.00
529 0.748448 4.32e-16 275.200 78.00
530 0.644255 1.01e-14 NAN NAN
531 0.377119 5.20e-14 37.000 NAN
532 0.178554 6.07e-17 11.000 23.00
533 0.580840 1.18e-14 190.000 NAN
534 1.576925 2.94e-15 NAN NAN
535 0.647198 2.56e-17 NAN NAN
536 0.242190 5.94e-16 42.000 NAN
537 0.145655 8.00e-19 NAN NAN
538 0.602738 4.05e-15 20.000 NAN
539 0.170934 1.07e-14 19.000 NAN
540 1.262471 8.54e-16 22.000 0.90
541 0.288347 1.41e-14 15.000 17.00
542 0.497772 4.70e-17 NAN NAN
543 0.749659 1.78e-14 22.000 NAN
544 1.421124 9.35e-16 NAN NAN
545 0.674060 1.88e-16 NAN NAN
546 0.453394 1.95e-13 NAN NAN
547 1.081328 1.57e-14 130.000 13.00
548 3.418039 3.12e-14 NAN NAN
549 0.975410 2.05e-15 NAN NAN
550 0.532578 6.94e-16 27.200 7.60
551 0.518110 6.22e-17 32.800 19.00
552 0.994681 1.04e-14 NAN NAN
553 0.329187 3.30e-16 22.000 40.00
554 0.594575 6.04e-15 NAN NAN
555 1.122342 1.86e-13 19.000 NAN
556 0.257056 1.02e-15 14.000 110.00
557 0.957242 2.05e-14 24.000 15.00
558 0.192601 5.06e-15 11.000 NAN
559 0.194454 2.13e-15 26.000 20.00
560 1.247666 8.87e-16 NAN NAN
561 2.559357 7.21e-16 NAN NAN
562 0.288457 6.24e-14 NAN NAN
563 0.819990 1.59e-14 NAN NAN
564 0.864227 6.96e-14 30.000 45.00
565 0.283070 1.59e-15 16.000 15.00
566 0.778313 3.01e-15 33.400 20.00
567 0.141909 1.24e-16 NAN NAN
568 0.496077 2.79e-15 13.000 8.00
569 0.527466 4.96e-15 NAN NAN
570 0.327418 1.02e-15 13.000 44.00
571 0.341403 8.40e-17 38.000 10.00
572 1.013609 4.75e-15 NAN NAN
573 0.658013 2.56e-16 79.000 30.00
574 0.421816 3.06e-16 18.300 54.00
575 0.342723 2.54e-15 NAN NAN
576 0.298116 2.49e-17 NAN NAN
577 1.557917 5.09e-16 26.800 NAN
578 0.249609 5.01e-16 9.000 NAN
579 1.279402 1.30e-14 NAN NAN
580 1.018393 2.30e-16 89.800 16.00
581 0.481119 1.36e-14 98.000 NAN
582 0.786468 2.62e-15 NAN NAN
583 1.296850 1.95e-15 NAN NAN
584 0.666438 5.42e-16 NAN NAN
585 0.182492 5.17e-15 4.100 NAN
586 0.354550 2.01e-18 6.500 NAN
587 0.426646 3.73e-17 NAN NAN
588 0.923834 1.57e-15 31.800 NAN
589 0.483311 3.78e-15 NAN NAN
590 0.615520 9.35e-16 NAN NAN
591 0.382376 6.32e-16 27.000 17.00
592 0.457502 1.92e-14 NAN NAN
593 0.655221 6.63e-15 NAN NAN
594 1.206801 2.36e-15 26.300 9.60
595 0.407292 1.59e-16 30.000 12.00
596 0.231694 4.95e-13 37.000 NAN
597 1.534008 7.44e-15 NAN NAN
598 0.572592 2.90e-17 NAN NAN
599 2.477568 1.58e-15 63.400 3.10
600 0.360958 3.38e-16 20.000 NAN
601 0.791526 2.00e-15 23.000 12.00
602 1.219594 1.91e-14 NAN NAN
603 1.025831 2.89e-14 NAN NAN
604 3.428466 1.81e-14 90.000 NAN
605 0.567080 1.65e-14 17.000 NAN
606 0.203553 1.99e-15 16.000 NAN
607 1.156360 6.74e-17 NAN NAN
608 1.084020 1.30e-14 42.000 NAN
609 0.371924 7.68e-16 NAN NAN
610 0.731463 2.57e-15 NAN NAN
611 0.916938 1.56e-15 94.000 16.00
612 0.457681 5.05e-15 17.000 NAN
613 0.265072 3.07e-16 NAN NAN
614 1.072968 1.71e-14 NAN NAN
615 4.326100 1.70e-11 NAN NAN
616 0.503015 1.96e-15 NAN NAN
617 1.276446 2.58e-15 27.400 6.00
618 0.364590 1.02e-15 29.000 24.00
619 0.725732 4.21e-14 31.000 NAN
620 0.233164 7.99e-16 50.000 NAN
621 0.871243 6.07e-17 NAN NAN
622 0.448723 4.15e-15 NAN NAN
623 2.355278 4.43e-16 165.000 17.00
624 0.460339 1.68e-14 NAN NAN
625 0.355856 6.65e-15 NAN NAN
626 0.370141 8.28e-15 24.000 NAN
627 0.293928 1.75e-14 NAN NAN
628 0.450868 7.66e-16 NAN NAN
629 0.490857 3.93e-16 41.000 6.10
630 0.140746 1.73e-15 NAN NAN
631 0.612331 3.64e-15 170.000 NAN
632 0.352464 7.38e-16 27.000 NAN
633 0.354234 8.00e-18 NAN NAN
634 0.865971 1.24e-15 255.000 NAN
635 4.137539 1.75e-14 NAN NAN
636 2.988193 7.00e-15 NAN NAN
637 0.559071 1.42e-14 19.000 NAN
638 0.575971 2.23e-14 NAN NAN
639 0.677684 1.10e-15 NAN NAN
640 0.551241 8.81e-18 NAN NAN
641 0.717637 6.60e-17 NAN NAN
642 1.046810 1.49e-14 NAN NAN
643 1.709154 7.60e-14 35.000 NAN
644 0.228564 1.51e-14 NAN NAN
645 0.813453 6.50e-13 NAN NAN
646 0.935557 1.07e-15 NAN NAN
647 0.436507 6.20e-15 25.000 NAN
648 0.710830 7.69e-14 NAN NAN
649 0.352142 3.79e-15 19.000 NAN
650 0.507356 1.57e-15 39.000 NAN
651 0.224201 4.10e-17 NAN NAN
652 1.179387 2.32e-16 262.000 NAN
653 0.490507 1.19e-16 18.300 9.10
654 1.594746 3.60e-15 NAN NAN
655 0.671964 8.79e-15 NAN NAN
656 0.529121 1.37e-15 35.000 7.00
657 0.206649 4.67e-14 NAN NAN
658 1.204644 2.07e-14 NAN NAN
659 0.430367 1.51e-15 NAN NAN
660 0.771367 3.62e-15 NAN NAN
661 0.252870 5.75e-16 NAN NAN
662 0.118771 3.19e-15 62.000 15.00
663 0.154027 5.92e-14 NAN NAN
664 1.165741 4.44e-15 NAN NAN
665 0.837365 5.83e-15 NAN NAN
666 0.698261 7.70e-17 74.000 NAN
667 0.771130 5.90e-16 NAN NAN
668 1.121944 2.50e-17 NAN NAN
669 0.117802 1.61e-15 NAN NAN
670 0.278137 5.15e-14 NAN NAN
671 0.340503 2.65e-15 NAN NAN
672 0.587559 1.50e-17 35.000 NAN
673 0.529116 5.78e-15 NAN 15.00
674 0.178352 8.06e-16 NAN NAN
675 0.517405 4.20e-14 NAN NAN
676 0.739099 3.34e-16 NAN NAN
677 1.091008 4.11e-17 90.000 NAN
678 0.237383 3.18e-14 NAN NAN
679 1.347899 8.28e-15 NAN NAN
680 0.717508 3.00e-14 27.000 NAN
681 0.455060 2.01e-14 NAN 375.00
682 0.125962 7.50e-16 NAN NAN
683 0.387690 1.78e-15 8.000 393.00
684 0.410861 8.13e-17 19.000 2.30
685 0.840680 1.10e-16 NAN NAN
686 0.231603 1.13e-13 70.000 NAN
687 0.530075 2.10e-15 NAN NAN
688 1.785611 1.70e-15 112.000 23.00
689 0.719455 3.53e-15 22.000 11.00
690 0.629632 1.85e-15 NAN NAN
691 0.164950 2.37e-14 NAN NAN
692 0.583765 4.29e-16 NAN NAN
693 1.015257 5.59e-16 38.000 7.40
694 0.262026 3.67e-17 34.000 NAN
695 0.870712 4.40e-17 NAN NAN
696 0.557019 4.97e-14 NAN NAN
697 0.297692 6.55e-15 NAN NAN
698 0.613571 1.70e-15 NAN NAN
699 1.749552 3.20e-15 72.000 13.00
700 0.308918 1.98e-17 15.000 NAN
701 0.309398 1.67e-17 NAN NAN
702 0.380870 1.61e-14 19.000 NAN
703 0.156399 1.82e-15 NAN NAN
704 0.973394 3.04e-15 36.600 9.00
705 0.844081 4.81e-15 165.000 100.00
706 0.517443 8.19e-15 NAN NAN
707 0.635056 1.81e-15 24.000 23.00
708 0.890534 2.07e-15 65.000 12.00
709 1.755311 1.36e-15 104.900 NAN
710 0.305447 1.76e-17 23.100 NAN
711 1.703739 3.16e-15 52.100 9.20
712 0.915803 6.54e-16 NAN 11.30
713 0.305037 2.79e-15 15.000 NAN
714 1.019372 4.36e-16 NAN NAN
715 0.612558 4.81e-15 29.000 NAN
716 0.419280 1.50e-17 NAN NAN
717 3.059510 3.45e-15 NAN NAN
718 0.791822 1.68e-16 32.000 9.00
719 0.939165 7.35e-16 35.000 NAN
720 1.273945 1.30e-16 NAN NAN
721 1.101555 5.12e-14 NAN NAN
722 0.542936 3.66e-17 110.000 NAN
723 1.193439 2.00e-15 NAN NAN
724 0.730134 1.28e-15 NAN NAN
725 0.609607 8.20e-15 30.000 NAN
726 1.166449 4.28e-14 NAN NAN
727 0.416874 3.86e-15 26.000 NAN
728 0.640958 6.18e-16 21.300 6.30
729 0.474381 1.71e-16 NAN NAN
730 0.353293 2.50e-17 NAN NAN
731 1.358307 4.71e-15 50.000 21.00
732 1.494091 4.32e-15 60.000 NAN
733 0.560504 5.03e-18 NAN NAN
734 0.283792 9.91e-17 NAN NAN
735 0.755535 4.00e-17 NAN NAN
736 0.578363 1.08e-15 79.000 NAN
737 0.291341 5.60e-17 19.000 NAN
738 2.454609 1.11e-14 105.000 NAN
739 0.322909 5.19e-16 35.000 NAN
740 0.804304 1.10e-16 NAN NAN
741 0.390328 3.78e-16 NAN NAN
742 0.182136 5.23e-14 43.000 NAN
743 0.227565 1.14e-17 NAN NAN
744 0.215507 9.79e-15 NAN NAN
745 0.240524 2.24e-13 23.000 NAN
746 2.123506 3.30e-15 NAN NAN
747 0.804341 1.73e-15 22.400 11.00
748 1.211785 6.60e-16 50.000 32.00
749 1.747293 1.43e-14 58.000 NAN
750 1.396401 5.08e-15 56.000 22.00
751 0.306323 9.10e-16 125.000 23.00
752 0.298987 4.14e-15 14.700 29.00
753 0.255426 1.08e-15 21.000 31.00
754 0.854482 1.93e-14 NAN NAN
755 0.318941 6.06e-14 34.000 NAN
756 0.861067 3.47e-14 NAN NAN
757 0.222561 7.12e-17 NAN NAN
758 0.808546 6.00e-17 NAN NAN
759 0.586287 3.00e-15 NAN NAN
760 0.616979 6.51e-15 NAN NAN
761 0.361921 2.92e-16 NAN NAN
762 0.581017 1.92e-15 79.000 NAN
763 0.890594 5.70e-15 29.000 NAN
764 0.266474 1.56e-15 37.000 NAN
765 0.692113 4.20e-15 35.000 36.00
766 1.225782 8.60e-15 NAN NAN
767 1.297837 2.61e-15 37.000 NAN
768 1.191024 1.88e-15 45.000 2.50
769 0.653054 6.31e-15 22.500 47.00
770 0.447857 2.27e-15 31.000 NAN
771 0.586986 7.86e-15 NAN NAN
772 1.735898 8.00e-16 NAN NAN
773 0.865235 7.37e-15 NAN NAN
774 0.954158 2.00e-17 NAN NAN
775 0.286561 1.02e-16 NAN NAN
776 0.868804 1.10e-15 16.700 5.90
777 0.465365 7.41e-15 NAN NAN
778 0.899218 1.55e-14 30.000 9.00
779 0.255360 1.28e-15 64.000 NAN
780 1.600114 1.77e-13 NAN NAN
781 0.696279 5.88e-17 77.200 NAN
782 1.260214 9.20e-17 NAN NAN
783 0.779628 1.46e-16 NAN NAN
784 0.928108 4.40e-15 NAN NAN
785 0.278481 3.77e-14 NAN NAN
786 2.072153 3.01e-15 NAN NAN
787 0.573745 8.76e-16 NAN NAN
788 0.630314 1.80e-14 105.000 NAN
789 0.311813 2.87e-15 NAN NAN
790 1.036067 2.88e-15 NAN NAN
791 0.555824 8.33e-16 NAN NAN
792 0.656299 9.80e-15 31.000 NAN
793 0.682419 5.29e-15 51.000 NAN
794 1.149499 8.20e-16 NAN NAN
795 1.085521 3.30e-17 NAN NAN
796 0.397857 1.22e-14 NAN NAN
797 0.349929 1.75e-15 NAN NAN
798 0.321793 1.96e-16 NAN NAN
799 1.289379 2.62e-14 NAN NAN
800 3.378574 1.61e-12 NAN NAN
801 0.590473 7.51e-15 NAN NAN
802 0.189094 1.67e-15 13.000 NAN
803 0.235475 3.92e-16 11.000 NAN
804 0.477715 8.28e-17 117.300 22.00
805 1.565601 5.80e-15 47.700 13.00
806 1.615664 7.40e-16 70.000 2.40
807 0.874265 5.93e-16 NAN NAN
808 0.620448 7.46e-16 33.000 32.00
809 0.351125 3.27e-17 17.000 NAN
810 0.404040 1.28e-16 NAN NAN
811 0.280424 2.52e-14 69.000 NAN
812 0.477158 6.46e-16 20.000 61.00
813 0.399183 4.46e-15 37.000 NAN
814 0.236173 1.09e-14 9.000 25.00
815 0.218554 3.74e-16 8.000 NAN
816 0.625034 9.00e-16 NAN NAN
817 0.202722 8.01e-15 35.000 NAN
818 0.948237 7.25e-15 NAN NAN
819 1.221708 2.11e-14 NAN NAN
820 1.309109 3.51e-15 NAN NAN
821 0.239919 4.30e-16 NAN NAN
822 1.257788 1.99e-15 NAN NAN
823 1.032471 1.50e-14 NAN NAN
824 2.062386 2.30e-14 NAN NAN
825 1.465071 2.79e-15 99.000 NAN
826 1.110132 1.22e-12 NAN NAN
827 0.287432 1.44e-15 66.000 NAN
828 0.882778 3.33e-15 NAN NAN
829 1.293100 1.10e-15 NAN NAN
830 0.386004 1.12e-15 27.400 11.00
831 0.615538 7.20e-17 18.000 NAN
832 0.866343 2.33e-16 NAN NAN
833 1.538427 8.85e-15 NAN NAN
834 0.139460 8.48e-14 22.000 9.20
835 3.270242 2.20e-14 NAN NAN
836 0.753048 1.68e-15 NAN NAN
837 0.829829 1.64e-13 32.000 190.00
838 0.483770 1.82e-16 23.000 11.00
839 0.332887 4.02e-16 NAN NAN
840 2.184001 1.30e-15 73.000 NAN
841 0.627981 1.28e-14 24.000 9.00
842 0.323434 6.61e-16 NAN NAN
843 0.871683 4.27e-17 84.300 25.00
844 0.659794 2.10e-15 NAN NAN
845 0.768185 1.11e-15 NAN NAN
846 0.362052 1.65e-15 NAN NAN
847 1.245915 4.10e-15 NAN NAN
848 0.337586 1.50e-14 55.000 NAN
849 0.561778 3.62e-15 23.000 NAN
850 1.011234 4.00e-16 NAN NAN
851 0.839394 4.21e-16 41.700 5.70
852 0.612524 1.05e-15 NAN NAN
853 0.782887 6.32e-16 NAN NAN
854 0.419335 1.21e-15 19.500 18.00
855 0.350963 2.61e-14 NAN NAN
856 2.642223 3.43e-15 NAN NAN
857 1.592419 1.49e-14 NAN NAN
858 6.445036 3.00e-14 NAN NAN
859 0.502803 1.57e-15 NAN NAN
860 0.768672 3.73e-14 36.000 NAN
861 0.450432 1.39e-13 NAN NAN
862 0.816273 2.25e-15 NAN NAN
863 0.397585 6.12e-15 16.000 NAN
864 1.978847 8.56e-15 NAN NAN
865 0.349591 3.15e-15 NAN NAN
866 0.443398 8.19e-14 62.000 NAN
867 0.549498 2.96e-16 NAN NAN
868 0.768499 7.95e-16 26.000 2.90
869 0.730373 8.86e-17 NAN NAN
870 0.234169 1.56e-16 16.500 NAN
871 1.215698 8.17e-17 18.000 NAN
872 0.322882 7.88e-15 14.900 NAN
873 0.114368 1.14e-14 11.000 NAN
874 0.239317 2.18e-15 NAN NAN
875 0.529441 1.86e-14 63.000 NAN
876 0.877561 1.97e-16 NAN NAN
877 0.341772 1.99e-17 NAN NAN
878 0.154087 2.15e-14 NAN 3.10
879 0.803050 1.45e-15 44.600 24.00
880 1.692656 1.85e-15 NAN NAN
881 0.606887 4.66e-13 12.000 24.60
882 0.515001 3.90e-15 23.000 NAN
883 2.043082 2.27e-15 114.400 29.00
884 3.904506 1.63e-14 150.000 NAN
885 0.346797 8.06e-17 NAN NAN
886 0.892959 1.48e-16 55.000 NAN
887 1.360738 1.84e-15 40.000 3.00
888 0.223558 6.34e-16 NAN NAN
889 1.893749 8.99e-15 111.000 NAN
890 0.512211 1.93e-15 24.000 35.00
891 1.016349 8.16e-17 NAN NAN
892 0.412401 3.38e-17 38.000 NAN
893 0.444645 1.56e-15 22.000 3.10
894 0.405337 4.78e-16 29.500 6.10
895 1.242508 4.72e-16 NAN NAN
896 2.414576 1.21e-13 68.000 6.60
897 0.193105 1.06e-14 NAN NAN
898 0.306167 7.83e-16 16.000 NAN
899 1.757206 2.38e-15 50.000 NAN
900 1.683507 8.33e-16 59.000 16.00
901 1.066061 2.12e-14 29.000 NAN
902 0.355666 1.90e-16 NAN NAN
903 1.045407 6.31e-16 24.000 NAN
904 1.160593 2.86e-15 NAN NAN
905 0.367429 1.07e-14 23.000 66.00
906 0.698353 2.43e-15 NAN NAN
907 3.465038 4.92e-15 125.000 1.26
908 1.058148 1.05e-15 33.000 1.20
909 1.478480 1.27e-14 NAN NAN
910 1.077101 1.34e-12 NAN NAN
911 0.945224 1.25e-14 NAN NAN
912 1.578793 4.30e-16 NAN NAN
913 0.500254 1.32e-14 NAN NAN
914 2.780079 2.37e-15 NAN NAN
915 0.052153 1.56e-13 NAN NAN
916 0.098814 6.13e-14 NAN NAN
917 0.394133 1.21e-15 21.900 23.00
918 0.288603 3.99e-16 NAN 10.00
919 0.442838 1.11e-16 NAN NAN
920 0.874486 2.42e-15 NAN NAN
921 1.335388 1.72e-15 NAN NAN
922 0.609874 7.87e-15 88.000 12.70
923 0.445822 5.90e-16 NAN NAN
924 1.332310 2.12e-15 65.000 3.00
925 5.639047 7.95e-15 NAN NAN
926 0.712794 1.08e-14 19.000 NAN
927 0.899377 2.64e-16 NAN NAN
928 0.910363 1.97e-16 84.000 NAN
929 0.684014 3.81e-17 185.000 29.00
930 0.394836 2.64e-15 NAN NAN
931 0.548227 8.83e-15 32.000 NAN
932 0.742352 1.29e-15 29.000 70.00
933 0.409051 6.43e-16 11.000 3.50
934 0.191037 6.18e-16 NAN NAN
935 0.562558 8.13e-15 15.000 1100.00
936 0.640229 3.47e-15 20.000 NAN
937 0.062955 2.02e-18 NAN NAN
938 0.528336 1.41e-14 93.200 NAN
939 2.090248 8.30e-16 NAN NAN
940 0.361691 5.71e-16 21.000 NAN
941 0.392704 7.82e-16 13.000 NAN
942 2.391397 1.56e-15 129.400 4.90
943 0.190710 7.81e-16 NAN NAN
944 0.733744 6.86e-16 NAN NAN
945 0.322231 4.42e-15 NAN NAN
946 1.175968 9.02e-14 33.000 NAN
947 1.004513 3.12e-14 NAN NAN
948 0.233541 1.12e-14 NAN NAN
949 0.261955 1.37e-17 NAN NAN
950 0.404980 5.27e-14 NAN NAN
951 0.670480 2.85e-16 39.000 8.40
952 0.724514 1.24e-15 NAN NAN
953 0.185310 7.82e-16 5.000 NAN
954 0.234101 1.29e-14 24.000 20.00
955 0.692552 1.69e-14 NAN NAN
956 0.430278 9.56e-16 NAN NAN
957 2.107263 1.55e-15 NAN NAN
958 1.202893 5.17e-15 NAN NAN
959 0.766706 9.41e-17 30.000 NAN
960 0.947256 7.20e-16 NAN 8.90
961 2.512263 1.57e-14 NAN NAN
962 0.798452 2.55e-16 NAN NAN
963 0.731505 3.07e-15 NAN NAN
964 0.254720 9.34e-17 NAN NAN
965 2.843389 1.86e-14 NAN NAN
966 0.460974 1.09e-14 11.000 20.00
967 0.810718 1.07e-14 NAN NAN
968 0.558889 3.76e-15 52.000 NAN
969 0.956549 9.96e-14 NAN NAN
970 0.574400 4.63e-15 20.000 13.00
971 1.078953 3.77e-15 27.000 NAN
972 0.783185 1.15e-14 NAN NAN
973 1.799272 5.50e-16 NAN NAN
974 0.921491 3.31e-15 26.800 17.00
975 2.550498 1.82e-16 NAN NAN
976 1.108725 7.03e-16 NAN NAN
977 0.438113 1.55e-17 NAN NAN
978 0.375297 1.60e-14 NAN NAN
979 0.415827 1.13e-13 265.000 NAN
980 0.124924 1.28e-13 NAN 7.80
981 1.081908 3.29e-15 63.000 NAN
982 1.385604 3.97e-16 NAN NAN
983 0.554262 2.11e-15 NAN NAN
984 0.514671 5.64e-16 NAN NAN
985 0.569007 8.56e-15 NAN NAN
986 2.461052 1.32e-15 NAN NAN
987 0.536596 1.77e-15 NAN NAN
988 2.864338 1.52e-14 43.000 NAN
989 0.443649 3.30e-16 NAN NAN
990 0.633412 3.37e-16 NAN NAN
991 0.570511 1.43e-16 NAN NAN
992 0.218712 9.99e-16 NAN 5.00
993 0.454651 9.69e-16 29.000 NAN
994 1.181269 2.73e-16 NAN NAN
995 0.405769 8.39e-15 NAN NAN
996 0.357807 1.76e-15 NAN NAN
997 0.661402 5.82e-18 22.000 NAN
998 0.428341 4.74e-16 NAN NAN
999 0.484286 5.73e-17 NAN NAN
1000 0.522618 1.41e-15 41.000 4.00
1001 0.668309 8.62e-16 NAN NAN
1002 0.879791 1.70e-17 NAN NAN
1003 0.481789 1.21e-13 55.000 NAN
1004 0.464300 1.29e-16 27.300 2.16
1005 0.163727 2.88e-17 13.000 65.00
1006 0.827776 1.22e-14 30.600 25.00
1007 0.876044 1.24e-15 40.000 28.00
1008 0.596993 7.72e-16 NAN NAN
1009 0.544549 2.67e-15 NAN NAN
1010 0.241035 1.16e-17 NAN NAN
1011 0.918410 1.71e-14 84.500 NAN
1012 2.457882 6.58e-14 NAN NAN
1013 0.364912 7.05e-15 21.000 NAN
1014 0.744976 2.29e-15 NAN NAN
1015 0.313886 1.52e-16 NAN NAN
1016 0.895285 5.24e-15 27.000 NAN
1017 1.124481 1.06e-14 NAN NAN
1018 0.082747 2.55e-14 26.000 NAN
1019 0.434811 7.28e-15 NAN NAN
1020 0.702414 3.82e-15 NAN NAN
1021 0.860388 1.20e-16 200.000 21.00
1022 0.217214 2.39e-17 NAN NAN
1023 0.153716 5.22e-17 31.000 NAN
1024 0.261049 3.83e-16 22.000 12.00
1025 0.924945 1.61e-15 200.000 NAN
1026 0.461713 2.69e-15 NAN 2.20
1027 2.623859 8.00e-16 NAN NAN
1028 0.557464 6.31e-15 NAN NAN
1029 0.415813 2.97e-16 NAN NAN
1030 1.432704 2.25e-15 NAN NAN
1031 0.793903 3.60e-15 26.700 3.80
1032 1.205374 1.91e-14 NAN NAN
1033 0.538341 9.82e-16 NAN NAN
1034 0.430991 3.77e-14 NAN NAN
1035 1.223352 2.39e-14 66.000 NAN
1036 0.315835 1.77e-16 NAN NAN
1037 0.236983 3.16e-16 NAN NAN
1038 0.587477 6.60e-16 NAN NAN
1039 0.336425 2.10e-17 13.000 0.60
1040 0.426466 2.08e-15 NAN NAN
1041 0.328514 4.78e-17 NAN NAN
1042 0.931089 2.55e-15 28.000 8.00
1043 1.014219 8.84e-16 NAN NAN
1044 1.377868 2.92e-16 NAN NAN
1045 0.751261 1.66e-15 NAN 0.72
1046 0.957464 6.33e-15 58.000 NAN
1047 3.975905 7.45e-13 NAN NAN
1048 0.198436 7.79e-14 NAN NAN
1049 1.249924 3.63e-14 52.000 NAN
1050 0.217643 6.48e-15 NAN NAN
1051 0.594500 1.33e-15 NAN NAN
1052 0.782313 7.26e-15 34.000 NAN
1053 0.592885 6.64e-17 65.500 18.00
1054 0.217923 1.93e-18 22.600 NAN
1055 0.224604 1.43e-15 NAN NAN
1056 2.046838 3.60e-16 NAN NAN
1057 0.387017 2.05e-15 18.000 22.00
1058 0.384487 5.80e-16 14.000 12.00
1059 0.544800 3.82e-15 NAN NAN
1060 0.291489 2.04e-15 53.000 NAN
1061 0.281371 6.15e-15 NAN NAN
1062 0.939690 4.11e-15 NAN NAN
1063 0.551134 9.68e-15 NAN NAN
1064 0.952709 7.06e-16 NAN NAN
1065 0.852047 3.13e-15 34.000 NAN
1066 0.301490 1.32e-15 NAN NAN
1067 0.294163 5.66e-16 NAN NAN
1068 1.388137 7.61e-16 NAN NAN
1069 1.060364 3.59e-16 NAN 6.20
1070 1.515696 5.97e-16 NAN NAN
1071 1.788490 2.59e-15 NAN NAN
1072 0.226539 7.85e-18 NAN NAN
1073 0.393522 3.45e-15 NAN NAN
1074 0.598076 6.33e-15 20.000 157.00
1075 0.337321 9.32e-16 18.000 NAN
1076 0.921460 4.50e-15 120.000 NAN
1077 0.333243 3.79e-14 NAN NAN
1078 0.309905 9.36e-17 23.200 NAN
1079 0.414111 3.72e-17 NAN NAN
1080 0.902316 2.53e-15 NAN NAN
1081 1.656010 8.95e-13 NAN NAN
1082 1.915131 5.37e-15 NAN NAN
1083 1.366682 8.71e-16 64.000 3.70
1084 1.362817 1.75e-15 NAN 3.80
1085 0.974700 3.55e-16 NAN NAN
1086 1.787037 2.35e-15 59.000 0.50
1087 2.071040 8.48e-14 NAN NAN
1088 0.214771 9.07e-16 15.600 NAN
1089 0.831156 1.89e-15 NAN NAN
1090 1.874269 1.35e-15 81.000 25.00
1091 0.456512 4.59e-16 32.000 7.00
1092 0.759777 1.13e-15 17.000 13.00
1093 0.752907 2.27e-16 43.600 18.00
1094 1.846534 3.65e-14 44.000 NAN
1095 0.617107 9.60e-15 NAN NAN
1096 1.625405 4.52e-15 NAN NAN
1097 1.636792 2.79e-16 NAN NAN
1098 0.378596 2.99e-17 14.300 2.20
1099 0.405936 2.24e-16 NAN NAN
1100 0.284054 2.93e-15 11.600 36.00
1101 2.499468 3.91e-15 NAN NAN
1102 0.435759 3.55e-15 28.800 NAN
1103 0.362492 5.38e-15 NAN NAN
1104 0.359394 3.92e-16 18.000 NAN
1105 0.412230 7.58e-16 NAN NAN
1106 0.189335 5.23e-15 5.500 71.00
1107 1.161743 3.01e-16 NAN NAN
1108 1.505875 1.74e-15 NAN NAN
1109 0.223320 4.40e-16 NAN NAN
1110 0.778949 8.76e-16 23.200 8.00
1111 0.769006 5.25e-14 42.000 36.00
1112 0.279187 2.27e-14 27.000 NAN
1113 2.093136 4.91e-15 NAN 5.00
1114 0.382073 1.08e-15 NAN NAN
1115 0.270502 1.54e-15 NAN NAN
1116 0.512548 7.23e-15 NAN NAN
1117 0.245757 1.00e-15 35.800 NAN
1118 0.269415 1.46e-15 19.000 NAN
1119 0.153197 6.13e-16 NAN NAN
1120 0.246328 2.07e-14 NAN NAN
1121 0.072052 1.48e-14 49.000 NAN
1122 0.860332 9.95e-16 NAN NAN
1123 0.741640 7.29e-16 NAN 1.20
1124 0.514523 1.27e-15 NAN NAN
1125 0.199147 5.25e-16 NAN NAN
1126 0.318401 4.79e-15 NAN NAN
1127 0.307133 5.55e-15 20.000 78.00
1128 0.345698 2.37e-16 NAN NAN
1129 0.457536 6.32e-15 NAN NAN
1130 0.405043 6.00e-14 6.300 2.10
1131 6.221553 4.77e-14 171.000 NAN
1132 0.747188 1.71e-15 NAN NAN
1133 0.771493 7.62e-17 NAN NAN
1134 0.612133 3.09e-16 23.000 NAN
1135 0.067267 8.32e-15 NAN NAN
1136 2.857941 5.47e-15 122.000 NAN
1137 2.165679 2.99e-15 82.000 NAN
1138 0.507945 1.09e-15 NAN NAN
1139 0.533917 1.51e-15 NAN NAN
1140 0.744295 3.71e-14 NAN NAN
1141 0.647293 6.39e-14 25.000 9.40
1142 0.330354 4.20e-15 18.000 3.40
1143 0.686704 4.16e-14 23.000 89.00
1144 1.521545 1.28e-15 NAN NAN
1145 0.483459 1.23e-14 NAN NAN
1146 0.085284 9.17e-15 15.000 NAN
1147 0.633640 5.27e-16 NAN NAN
1148 1.889436 2.70e-16 80.000 5.50
1149 0.329532 4.49e-16 NAN NAN
1150 0.290108 7.19e-17 99.000 77.00
1151 0.487914 1.83e-15 35.000 NAN
1152 0.317315 6.04e-16 NAN NAN
1153 0.512980 5.82e-14 NAN NAN
1154 0.788354 3.25e-14 NAN NAN
1155 0.491142 9.96e-15 NAN NAN
1156 0.610259 6.74e-18 87.000 NAN
1157 0.358306 4.69e-17 21.000 NAN
1158 1.465656 1.93e-15 NAN NAN
1159 0.841865 3.06e-15 28.000 NAN
1160 1.087749 4.73e-16 NAN NAN
1161 0.305830 4.05e-14 60.500 NAN
1162 0.859192 2.14e-14 NAN NAN
1163 0.145347 4.39e-15 NAN NAN
1164 0.379536 4.32e-17 7.200 NAN
1165 0.302448 5.92e-15 10.000 NAN
1166 0.165907 2.06e-14 9.400 30.00
1167 0.670486 1.74e-15 NAN NAN
1168 0.354237 1.66e-15 17.000 NAN
1169 0.457245 1.30e-15 NAN NAN
1170 0.562711 1.18e-14 17.000 54.00
1171 0.178756 1.04e-15 41.000 NAN
1172 0.617037 1.68e-15 40.000 10.00
1173 0.473513 3.77e-17 NAN NAN
1174 0.201063 3.30e-15 NAN NAN
1175 0.096294 4.52e-14 30.000 NAN
1176 1.905809 7.72e-16 170.000 NAN
1177 1.963532 6.20e-15 NAN NAN
1178 1.876019 3.65e-14 NAN NAN
1179 0.618358 5.50e-15 18.000 NAN
1180 0.380831 1.16e-13 NAN NAN
1181 0.235303 3.34e-14 NAN NAN
1182 0.927178 7.74e-17 NAN NAN
1183 1.218354 3.08e-15 34.000 NAN
1184 1.901967 2.68e-15 92.000 2.60
1185 0.488242 4.00e-17 NAN NAN
1186 0.238778 1.25e-14 NAN NAN
1187 0.520940 7.69e-15 15.000 NAN
1188 0.149461 8.10e-16 NAN NAN
1189 0.585319 3.31e-15 NAN NAN
1190 0.484914 1.32e-16 NAN NAN
1191 0.449548 3.64e-15 NAN NAN
1192 0.418969 2.60e-14 NAN NAN
1193 1.911428 4.95e-15 NAN NAN
1194 0.549161 2.61e-14 NAN NAN
1195 0.797478 8.29e-15 NAN NAN
1196 0.859368 9.60e-15 34.000 NAN
1197 1.893353 2.30e-14 NAN NAN
1198 0.437869 1.00e-16 NAN NAN
1199 0.955672 2.35e-15 35.000 NAN
1200 1.096440 2.42e-15 35.000 NAN
1201 5.309377 2.37e-14 NAN NAN
1202 0.940962 6.41e-15 NAN NAN
1203 0.754470 3.20e-15 NAN NAN
1204 1.652862 1.49e-15 57.500 21.00
1205 0.663321 1.81e-14 NAN NAN
1206 1.657656 3.35e-16 NAN NAN
1207 0.204068 5.79e-14 18.000 NAN
1208 0.186149 6.39e-15 9.900 2.60
1209 0.912914 3.48e-14 NAN NAN
1210 0.445749 2.34e-13 NAN NAN
1211 0.381319 1.09e-15 13.700 20.00
1212 1.334557 6.41e-16 NAN NAN
1213 0.353603 1.60e-16 41.400 NAN
1214 1.054228 6.72e-15 NAN NAN
1215 3.088256 2.96e-14 85.000 NAN
1216 0.404920 4.52e-15 NAN NAN
1217 0.233326 8.11e-16 NAN NAN
1218 1.839944 5.09e-16 340.000 18.70
1219 0.526682 2.19e-14 19.000 NAN
1220 0.564475 2.20e-17 NAN NAN
1221 0.313016 7.60e-17 NAN NAN
1222 0.344643 1.05e-14 22.000 NAN
1223 0.471604 2.29e-16 NAN NAN
1224 0.880330 7.79e-15 40.000 NAN
1225 0.782598 2.49e-16 NAN NAN
1226 0.669872 2.47e-15 NAN NAN
1227 2.027524 1.44e-14 105.000 NAN
1228 0.132314 1.04e-15 NAN NAN
1229 0.781934 2.39e-15 NAN NAN
1230 0.754963 8.54e-16 76.000 NAN
1231 0.191614 2.14e-15 NAN NAN
1232 0.475393 1.33e-14 NAN NAN
1233 0.536414 1.74e-14 NAN NAN
1234 0.583550 7.20e-15 NAN NAN
1235 3.406539 1.04e-15 40.000 0.37
1236 0.641098 6.08e-15 NAN NAN
1237 0.507722 1.67e-14 34.900 NAN
1238 0.525049 1.02e-14 NAN NAN
1239 0.991027 3.91e-15 28.000 8.10
1240 0.269443 6.80e-16 NAN NAN
1241 0.335163 6.18e-17 NAN NAN
1242 0.255699 9.71e-15 NAN NAN
1243 0.375463 1.87e-15 14.800 20.00
1244 0.207636 8.86e-15 NAN NAN
1245 0.486751 1.13e-14 29.000 NAN
1246 1.092348 1.34e-14 32.000 NAN
1247 1.421654 5.46e-16 NAN NAN
1248 0.340528 4.49e-15 NAN NAN
1249 0.104695 3.67e-16 11.000 NAN
1250 0.634354 9.35e-15 NAN NAN
1251 0.206220 2.01e-15 NAN NAN
1252 2.618918 9.72e-15 245.000 NAN
1253 0.434373 1.12e-14 60.000 NAN
1254 0.350110 1.26e-15 NAN NAN
1255 0.861380 5.19e-15 NAN NAN
1256 4.878839 6.06e-15 731.400 NAN
1257 6.707046 1.27e-12 NAN NAN
1258 0.597769 5.17e-14 30.000 75.00
1259 0.957991 1.09e-14 NAN NAN
1260 0.340832 2.83e-17 NAN NAN
1261 0.778164 4.65e-15 38.000 NAN
1262 0.537624 1.61e-15 37.500 NAN
1263 0.274557 1.35e-15 NAN NAN
1264 0.659432 5.25e-15 37.000 79.00
1265 0.191443 6.73e-17 NAN NAN
1266 1.637129 8.86e-15 NAN NAN
1267 0.225004 2.87e-16 NAN NAN
1268 2.218603 3.74e-15 73.000 1.00
1269 0.505957 8.75e-15 27.000 2.30
1270 0.328665 2.72e-16 37.000 2.80
1271 1.312218 1.43e-15 NAN NAN
1272 0.297770 1.41e-17 30.000 13.00
1273 4.308190 2.33e-14 93.400 17.00
1274 0.672481 1.11e-14 NAN NAN
1275 0.542155 2.80e-14 NAN NAN
1276 0.668408 2.20e-14 33.000 NAN
1277 0.761194 2.16e-14 NAN NAN
1278 0.953384 5.39e-14 32.000 NAN
1279 1.451319 4.62e-14 NAN 26.00
1280 0.275641 1.53e-16 26.100 2.30
1281 2.191498 4.32e-15 NAN NAN
1282 0.166634 3.91e-14 NAN NAN
1283 1.081844 3.59e-16 99.000 NAN
1284 0.734185 1.26e-15 NAN NAN
1285 0.290716 9.14e-17 NAN NAN
1286 0.345582 1.49e-15 11.000 6.00
1287 0.518721 4.74e-15 NAN NAN
1288 1.409065 8.74e-16 NAN NAN
1289 0.953182 2.48e-15 NAN NAN
1290 0.906977 1.37e-13 NAN NAN
1291 0.435194 7.96e-15 NAN NAN
1292 0.284697 1.09e-15 NAN NAN
1293 1.205303 1.15e-14 21.000 8.00
1294 0.467894 5.68e-15 NAN NAN
1295 0.957751 1.40e-14 NAN NAN
1296 2.180195 9.70e-14 NAN NAN
1297 0.451473 1.76e-15 NAN NAN
1298 0.428979 5.15e-15 NAN NAN
1299 1.326149 1.02e-16 NAN NAN
1300 0.524151 1.46e-14 NAN NAN
1301 0.336337 8.77e-17 31.000 12.00
1302 0.101436 5.57e-15 5.790 NAN
1303 0.397882 3.35e-14 20.700 NAN
1304 0.275578 2.14e-14 NAN NAN
1305 0.905137 1.29e-15 195.000 NAN
1306 0.126400 6.12e-16 NAN NAN
1307 1.048132 1.55e-15 NAN NAN
1308 3.914658 5.13e-15 NAN NAN
1309 1.366450 1.85e-15 NAN NAN
1310 0.573197 6.39e-16 NAN 11.00
1311 1.146595 4.16e-15 47.100 8.00
1312 3.453121 4.52e-15 NAN NAN
1313 0.246817 6.47e-17 NAN NAN
1314 0.845348 1.81e-14 NAN NAN
1315 1.678106 9.29e-16 NAN NAN
1316 1.393484 2.67e-13 NAN NAN
1317 0.258685 7.52e-16 NAN NAN
1318 0.345401 2.40e-16 NAN NAN
1319 0.620217 1.22e-15 27.550 NAN
1320 0.267440 2.08e-13 22.700 3.40
1321 0.080907 6.21e-14 NAN NAN
1322 0.420252 3.71e-17 NAN NAN
1323 0.370483 1.70e-15 NAN NAN
1324 0.356929 5.46e-17 NAN 5.00
1325 0.139760 3.12e-14 43.420 NAN
1326 0.630983 1.40e-14 NAN NAN
1327 0.415823 4.03e-14 23.000 NAN
1328 0.349951 6.93e-15 26.000 NAN
1329 0.502924 4.74e-15 NAN NAN
1330 3.687219 1.05e-14 210.000 NAN
1331 0.745828 4.61e-15 NAN NAN
1332 4.693233 2.43e-14 NAN NAN
1333 0.256844 2.04e-15 NAN NAN
1334 0.551059 5.06e-15 NAN NAN
1335 1.044313 2.55e-14 NAN NAN
1336 0.933972 3.93e-15 32.000 1.50
1337 0.385194 1.42e-16 17.000 NAN
1338 0.374262 5.71e-15 NAN NAN
1339 0.389869 5.13e-15 20.430 NAN
1340 0.612209 2.05e-16 67.600 131.00
1341 1.279193 1.86e-15 85.000 6.50
1342 0.318817 3.24e-15 NAN NAN
1343 0.288219 2.36e-15 15.100 13.70
1344 1.299693 4.56e-16 NAN NAN
1345 0.355725 2.29e-15 NAN NAN
1346 0.801693 2.57e-15 NAN NAN
1347 0.636584 5.23e-16 NAN NAN
1348 0.655450 7.46e-15 36.000 165.00
1349 0.554756 1.27e-14 NAN NAN
1350 2.663080 1.32e-13 NAN NAN
1351 0.690576 8.67e-15 NAN NAN
1352 0.614757 3.11e-14 NAN NAN
1353 0.832002 1.80e-17 NAN NAN
1354 0.643999 2.29e-15 34.000 3.90
1355 1.781928 1.64e-15 69.000 11.00
1356 1.830857 1.31e-16 66.000 0.60
1357 1.956858 8.23e-16 120.000 NAN
1358 1.223777 2.41e-15 NAN NAN
1359 1.524672 2.00e-15 NAN NAN
1360 0.746577 1.29e-14 29.000 15.00
1361 0.673503 7.71e-15 136.800 22.00
1362 0.487813 2.10e-16 56.000 0.60
1363 0.729304 4.03e-15 23.000 58.00
1364 0.301459 6.79e-16 NAN NAN
1365 0.374117 1.92e-14 NAN NAN
1366 0.431887 3.40e-15 37.500 23.00
1367 0.887325 1.33e-15 NAN NAN
1368 0.357155 3.69e-14 NAN NAN
1369 0.651185 4.45e-16 33.000 0.80
1370 0.139525 1.18e-16 22.000 16.00
1371 0.379387 8.90e-16 NAN NAN
1372 0.208958 4.11e-16 NAN NAN
1373 0.263345 1.73e-14 NAN NAN
1374 1.856570 2.76e-16 93.000 4.40
1375 0.750808 7.42e-16 26.000 6.00
1376 0.643181 3.05e-15 15.000 9.80
1377 0.441210 1.11e-15 NAN NAN
1378 0.989706 1.35e-13 46.000 0.50
1379 0.648040 4.94e-15 NAN NAN
1380 0.218253 3.50e-15 NAN NAN
1381 1.043362 1.15e-14 NAN NAN
1382 0.267275 2.14e-15 NAN 2.80
1383 1.286564 1.52e-16 NAN NAN
1384 0.775345 1.32e-16 NAN NAN
1385 1.019093 2.05e-16 93.000 4.60
1386 0.351879 1.14e-15 32.040 NAN
1387 0.240153 8.22e-15 NAN NAN
1388 1.138403 3.15e-15 NAN NAN
1389 0.363676 1.84e-14 NAN NAN
1390 0.574698 6.71e-16 23.000 NAN
1391 0.226107 9.43e-14 NAN 0.40
1392 1.420160 1.60e-13 30.000 NAN
1393 0.827097 1.95e-15 33.000 0.80
1394 0.632235 3.08e-15 NAN NAN
1395 1.235757 5.41e-16 72.500 23.00
1396 0.846793 9.80e-16 59.000 NAN
1397 0.291021 2.59e-15 7.600 6.10
1398 0.212353 8.25e-16 18.000 3.50
1399 0.185397 2.39e-15 NAN NAN
1400 0.336555 3.49e-14 NAN NAN
1401 0.830270 9.80e-17 NAN 5.00
1402 0.377578 1.70e-17 14.000 0.90
1403 1.016948 5.52e-15 31.000 12.00
1404 0.989831 5.53e-15 23.600 21.00
1405 0.755993 2.06e-14 NAN NAN
1406 0.237161 1.52e-13 NAN NAN
1407 0.222949 3.58e-14 NAN NAN
1408 0.283641 2.64e-15 13.000 50.00
1409 0.996108 2.19e-16 85.000 1.10
1410 0.542451 9.70e-17 28.000 5.40
1411 1.360603 1.78e-16 NAN NAN
1412 0.337855 2.62e-16 29.020 NAN
1413 0.504605 2.19e-15 30.400 27.00
1414 2.330263 4.47e-15 NAN 21.00
1415 0.452867 1.92e-15 NAN NAN
1416 2.712423 6.12e-15 735.000 5.40
1417 0.325415 8.31e-15 22.000 NAN
1418 1.441742 8.23e-15 95.000 5.00
1419 0.460406 1.31e-17 20.000 1.90
1420 0.409349 1.58e-14 31.000 1.60
1421 2.232969 1.02e-14 42.000 6.00
1422 0.621976 2.25e-16 16.000 1.60
1423 0.825936 4.07e-15 14.900 118.00
1424 1.616130 2.79e-13 60.000 NAN
1425 0.134409 4.57e-15 NAN NAN
1426 0.163246 1.76e-14 NAN NAN
1427 1.241965 4.32e-16 51.000 0.80
1428 0.837148 1.67e-14 52.000 NAN
1429 0.306069 5.02e-15 NAN NAN
1430 0.521473 8.04e-16 22.000 5.20
1431 0.457527 1.02e-15 NAN NAN
1432 0.693811 3.32e-17 26.670 NAN
1433 0.600997 6.56e-16 NAN 1.10
1434 0.317306 2.99e-16 NAN NAN
1435 1.542704 3.31e-15 24.000 1.90
1436 2.058314 1.39e-16 60.000 1.70
1437 0.342777 1.57e-15 NAN NAN
1438 0.404547 1.53e-14 13.000 23.00
1439 0.297494 4.89e-17 NAN NAN
1440 1.616231 4.05e-16 60.600 4.50
1441 0.541752 1.07e-14 230.000 1.14
1442 0.439995 2.90e-15 19.000 NAN
1443 2.182746 1.31e-14 NAN NAN
1444 0.270254 2.52e-15 14.100 20.00
1445 1.618339 6.81e-16 NAN NAN
1446 0.628970 3.40e-17 NAN NAN
1447 0.227387 2.35e-14 NAN NAN
1448 0.281842 3.65e-15 11.000 12.00
1449 2.129665 1.75e-14 81.000 0.44
1450 0.194631 7.20e-15 9.100 43.00
1451 0.334725 3.24e-16 NAN NAN
1452 0.425897 2.86e-15 NAN 3.00
1453 0.798693 8.65e-16 NAN NAN
1454 0.370883 2.54e-15 29.000 0.80
1455 1.272260 7.67e-15 40.500 16.00
1456 1.603984 5.89e-16 81.000 NAN
1457 0.571400 3.79e-15 NAN NAN
1458 0.562790 2.16e-16 NAN NAN
1459 2.215802 6.48e-15 NAN NAN
1460 0.509886 1.56e-16 NAN NAN
1461 0.785522 3.44e-17 28.100 6.00
1462 0.210648 5.36e-15 NAN NAN
1463 0.618183 5.60e-15 40.000 3.20
1464 0.143576 9.80e-16 NAN NAN
1465 0.821035 8.96e-16 76.900 34.00
1466 0.760681 5.00e-17 27.000 2.30
1467 1.337302 1.35e-15 40.800 57.00
1468 0.236171 1.34e-14 NAN NAN
1469 1.172763 6.49e-16 NAN 3.80
1470 1.077924 8.18e-15 32.700 30.00
1471 0.547209 4.30e-17 28.000 1.50
1472 2.935186 3.64e-13 NAN NAN
1473 0.158043 2.56e-15 NAN NAN
1474 0.237790 2.09e-15 28.000 4.00
1475 1.074078 2.46e-15 30.900 22.00
1476 0.318062 3.75e-16 NAN NAN
1477 4.864284 3.64e-14 NAN NAN
1478 1.324922 2.19e-16 65.400 9.00
1479 0.579823 1.80e-14 25.600 8.00
1480 1.346012 1.43e-15 88.000 0.80
1481 0.299072 3.50e-15 NAN NAN
1482 0.290305 6.35e-17 NAN NAN
1483 0.482766 1.16e-16 52.000 3.40
1484 0.298313 2.24e-15 43.000 2.20
1485 1.431066 7.71e-16 130.000 6.00
1486 0.068730 1.32e-14 NAN NAN
1487 0.817330 6.35e-15 NAN NAN
1488 1.220470 2.36e-15 49.000 1.70
1489 0.257832 2.56e-15 NAN NAN
1490 0.723599 2.14e-15 NAN NAN
1491 0.760032 3.66e-15 NAN 5.00
1492 0.314355 5.01e-15 27.000 1.20
1493 0.501123 1.01e-16 NAN NAN
1494 0.268217 4.22e-15 40.000 29.00
1495 0.144470 5.76e-14 9.200 7.80
1496 0.571420 2.84e-16 28.000 9.00
1497 0.437454 2.18e-16 14.600 0.34
1498 0.928324 3.18e-16 37.000 2.00
1499 0.813690 8.11e-15 40.900 7.50
1500 0.178432 1.31e-13 NAN NAN
1501 0.358738 6.00e-15 17.700 242.00
1502 0.654408 3.78e-16 60.000 1.30
1503 0.080118 6.08e-14 NAN NAN
1504 0.967338 4.04e-15 NAN 2.00
1505 2.872774 5.61e-15 NAN NAN
1506 0.200980 6.43e-16 20.100 6.60
1507 1.657429 3.48e-15 NAN NAN
1508 1.121562 5.68e-15 22.000 3.20
1509 0.687082 3.40e-15 NAN NAN
1510 0.166116 4.24e-14 NAN 1.00
1511 0.645302 1.83e-14 NAN 3.00
1512 0.546824 7.68e-14 NAN NAN
1513 0.217317 1.91e-16 NAN NAN
1514 0.905394 9.96e-16 31.000 1.80
1515 0.559084 1.24e-15 NAN NAN
1516 2.306153 1.61e-13 NAN NAN
1517 0.402858 9.56e-16 12.100 13.00
1518 0.696262 1.01e-16 92.000 2.80
1519 0.446226 4.66e-16 22.000 NAN
1520 0.972429 1.66e-15 22.900 12.90
1521 0.841158 9.86e-16 30.500 7.50
1522 1.996899 7.30e-16 85.000 1.90
1523 1.045632 5.35e-16 65.000 6.00
1524 1.068708 2.42e-16 49.000 1.20
1525 0.491865 1.99e-15 18.900 NAN
1526 0.440618 2.41e-17 34.700 40.00
1527 1.334450 8.89e-16 55.000 3.00
1528 0.515167 5.64e-15 NAN NAN
1529 0.435060 2.20e-14 NAN 1.50
1530 0.959448 1.49e-15 26.500 9.30
1531 1.480744 4.78e-16 NAN NAN
1532 0.157509 5.23e-16 NAN NAN
1533 0.196627 9.02e-15 NAN NAN
1534 0.717311 7.06e-15 50.300 145.00
1535 1.319373 1.23e-16 NAN NAN
1536 0.957617 3.27e-15 20.000 5.20
1537 5.094083 3.03e-15 56.000 1.20
1538 0.275026 1.28e-16 NAN 6.00
1539 0.851890 2.86e-15 28.000 2.20
1540 1.333965 1.77e-15 NAN NAN
1541 0.426677 1.71e-18 17.700 6.60
1542 0.518938 1.37e-15 13.200 26.00
1543 0.303911 2.20e-16 NAN NAN
1544 0.307683 3.11e-15 NAN NAN
1545 0.276497 2.25e-16 19.000 0.40
1546 0.696761 1.05e-13 40.500 5.50
1547 0.905067 1.74e-15 46.700 53.00
1548 2.111265 7.46e-14 40.400 14.50
1549 2.279661 2.57e-14 71.000 8.00
1550 0.615034 2.81e-16 NAN NAN
1551 0.580871 4.60e-17 103.100 20.00
1552 0.163695 2.49e-14 NAN NAN
1553 0.325724 1.37e-16 NAN NAN
1554 0.458735 3.32e-16 16.600 1.51
1555 0.608205 1.56e-14 NAN NAN
1556 0.589196 5.40e-15 32.000 2.70
1557 1.438369 1.47e-15 NAN NAN
1558 0.565369 9.07e-17 NAN NAN
1559 1.442448 3.62e-15 NAN NAN
1560 0.931733 1.79e-15 NAN NAN
1561 0.544002 5.48e-16 NAN NAN
1562 0.580187 6.01e-16 NAN NAN
1563 0.276028 1.52e-16 NAN NAN
1564 0.230194 8.85e-15 40.000 26.00
1565 2.303299 5.10e-16 67.000 0.40
1566 0.537143 9.96e-16 NAN 1.50
1567 0.557953 1.48e-16 22.200 314.00
1568 0.387664 1.84e-15 NAN NAN
1569 0.343402 1.89e-15 15.800 71.00
1570 0.529197 3.06e-15 29.400 77.00
1571 0.372619 2.51e-15 14.900 6.50
1572 0.398173 2.03e-16 21.000 0.70
1573 1.099651 3.09e-16 NAN NAN
1574 1.216805 1.23e-14 43.900 18.00
1575 0.630513 8.85e-16 34.000 5.00
1576 1.281719 4.55e-16 NAN NAN
1577 2.074377 2.04e-15 NAN 2.00
1578 0.618715 4.50e-15 NAN 6.00
1579 1.577286 4.13e-15 75.000 7.00
1580 1.424568 9.44e-16 NAN 3.10
1581 0.865606 5.95e-16 79.000 0.60
1582 1.392715 6.30e-16 NAN NAN
1583 0.395555 1.95e-16 25.500 3.50
1584 1.546938 1.47e-15 34.400 20.00
1585 1.138286 1.82e-16 50.100 11.50
1586 0.476735 1.11e-14 24.800 4.60
1587 0.445945 4.18e-15 NAN NAN
1588 1.961572 1.10e-14 99.300 116.00
1589 0.283901 1.52e-17 NAN 1.80
1590 0.341336 1.96e-16 45.000 29.00
1591 0.815181 1.34e-15 22.900 9.00
1592 0.221508 3.69e-16 16.900 28.00
1593 1.423102 3.50e-15 50.000 6.00
1594 0.414871 8.62e-17 102.000 26.00
1595 3.953853 3.24e-15 NAN NAN
1596 1.202852 2.62e-15 23.600 18.00
1597 1.014685 7.15e-16 152.800 230.00
1598 0.440153 2.89e-16 19.700 9.00
1599 0.694053 7.68e-16 NAN 4.00
1600 0.325771 2.26e-16 40.000 7.00
1601 0.056133 9.54e-18 7.500 1.00
1602 1.227235 1.60e-17 NAN NAN
1603 1.083514 1.42e-15 NAN NAN
1604 8.509827 4.96e-16 65.000 16.00
1605 0.380140 1.68e-16 35.100 32.00
1606 0.332206 1.01e-14 24.900 15.60
1607 0.593534 7.08e-16 68.000 1.60
1608 1.609020 9.16e-16 42.000 2.10
1609 1.030002 1.24e-15 31.900 12.00
1610 1.373654 4.23e-15 90.000 2.10
1611 0.498149 1.42e-17 17.000 2.70
1612 1.525266 3.43e-15 114.200 105.00
1613 0.938014 9.00e-16 55.000 1.50
1614 0.933161 6.99e-15 NAN NAN
1615 1.004593 4.95e-16 59.000 6.30
1616 0.374196 2.37e-15 13.000 3.70
1617 1.056844 6.51e-16 NAN NAN
1618 0.538469 2.77e-15 13.100 111.00
1619 0.281399 6.17e-18 NAN NAN
1620 0.682542 9.66e-15 33.400 22.00
1621 0.443055 2.26e-15 35.300 17.00
1622 1.358745 2.22e-16 221.000 2.60
1623 0.059767 1.58e-19 3.940 3.00
1624 1.664501 4.82e-15 56.100 2.40
1625 0.596799 1.13e-16 29.000 0.16
1626 0.477233 6.59e-16 24.000 11.00
1627 0.792236 6.65e-17 47.000 2.40
1628 0.368246 5.75e-15 32.200 34.00
1629 1.206404 2.04e-15 NAN 12.00
1630 1.575886 2.89e-15 34.100 24.00
1631 0.535829 8.70e-18 23.000 2.00
1632 0.475068 1.99e-16 34.500 19.00
1633 0.349434 1.12e-16 14.600 89.00
1634 1.444653 1.05e-15 35.500 15.00
1635 2.256488 7.04e-15 153.700 36.00
1636 2.347486 2.59e-15 80.000 4.00
1637 1.436310 2.83e-15 150.000 8.00
1638 0.233652 3.53e-16 22.900 17.00
1639 1.643622 4.63e-15 35.000 42.00
1640 0.495370 1.93e-13 35.700 10.00
1641 1.181463 1.36e-15 73.000 11.00
1642 0.944784 1.63e-14 37.000 17.00
